0 0 0 0 0 0 0 1 0 0 0 0 0 0 0 0 0 0 0            - 0 0 0 0 0 0 1 0 0 0 0 0 0 0 0 0 0 0 
0 1 1 1 1 1 0 1 0 0 0 0 0 1 1 1 0 1 0            - 1 1 1 1 1 0 1 0 0 0 0 0 1 1 1 0 1 0 
0 0 0 1 0 0 0 0 0 0 0 0 0 1 0 0 0 1 0            - - - 1 - - - - - 0 0 0 0 1 0 0 0 1 0 
1 1 0 1 0 1 1 1 0 0 0 0 0 1 1 1 1 1 0            1 1 - 1 - 1 1 1 - 0 0 0 0 1 1 1 1 1 0 
0 0 0 0 0 0 0 1 0 0 0 0 0 1 0 0 0 0 0            0 0 - - - X X 1 - - - 0 0 1 0 0 0 0 0 
1 1 1 1 1 1 1 1 0 1 0 1 0 1 1 1 0 0 0            1 1 1 1 1 1 1 1 X 1 - 1 0 1 1 1 0 0 0 
0 0 0 0 0 0 0 0 0 1 0 1 0 0 0 1 0 0 0            0 X X X X X X X X 1 - 1 0 0 0 1 0 0 0 
0 1 1 1 1 1 0 1 1 1 0 1 1 1 0 1 0 0 0            0 1 1 1 1 1 X 1 1 1 - 1 1 1 0 1 0 0 0 
0 1 0 0 0 0 0 0 0 1 0 1 0 0 0 1 0 0 0            0 1 X X X X X X X 1 - 1 0 0 0 1 0 0 0 
0 1 0 1 1 1 1 1 0 1 0 1 0 1 1 1 0 0 0            0 1 X 1 1 1 1 1 X 1 - 1 0 1 1 1 0 0 0 
0 1 0 0 0 1 0 1 0 1 0 1 0 0 0 1 0 0 0            0 1 X X X 1 X 1 X 1 - 1 0 0 0 1 0 0 0 
0 1 1 1 0 1 0 1 1 1 0 1 1 1 0 1 0 0 0            0 1 1 1 X 1 X 1 1 1 - 1 1 1 0 1 0 0 0 
0 1 0 0 0 0 0 0 0 1 0 1 0 0 0 1 0 0 0            0 1 X X X X X X X 1 - 1 0 0 0 1 0 0 0 
0 1 1 1 1 1 1 1 1 1 0 1 0 1 1 1 0 0 0            0 1 1 1 1 1 1 1 1 1 - 1 0 1 1 1 0 0 0 
0 0 0 0 0 0 0 0 0 0 0 0 0 0 0 0 0 0 0            0 0 0 0 0 0 0 0 0 0 - - - - - - - - - 

(0,0) (1,0) (2,0) (2,1) (2,2) (3,2) (4,2) (4,3) (4,4) (3,4) 
(2,4) (2,5) (2,6) (2,7) (2,8) (3,8) (4,8) (4,9) (4,10) (5,10) 
(6,10) (7,10) (8,10) (9,10) (10,10) (11,10) (12,10) (13,10) (14,10) (14,11) 
(14,12) (14,13) (14,14) (14,15) (14,16) (14,17) (14,18) 

0 0 0 0 0 1 0 1 0 1 0 0 0 1 0 0 0 0 0 0 0 1 0 0 0 0 0 0 0 1 0 0 0 0 0 0 0            - 0 0 0 0 1 0 1 0 1 0 0 0 1 0 0 0 0 0 0 0 1 0 0 0 0 0 0 0 1 0 0 0 0 0 0 0 
0 1 0 1 0 1 0 1 0 1 0 1 1 1 0 1 0 1 0 1 0 1 0 1 0 1 1 1 0 1 0 1 0 1 0 1 1            - 1 0 1 0 1 0 1 0 1 0 1 1 1 0 1 0 1 0 1 0 1 0 1 0 1 1 1 0 1 0 1 0 1 0 1 1 
0 0 0 0 0 0 0 0 0 0 0 0 0 0 0 1 0 0 0 1 0 0 0 0 0 1 0 0 0 0 0 1 0 0 0 0 0            - - - - - - - - - 0 0 0 0 0 0 1 0 0 0 1 0 0 0 0 0 1 0 0 0 0 0 1 0 0 0 0 0 
1 1 1 1 1 1 1 1 0 1 1 1 0 1 1 1 0 1 0 1 0 1 0 1 1 1 0 1 0 1 1 1 1 1 0 1 0            1 1 1 1 1 1 1 1 - 1 1 1 0 1 1 1 0 1 0 1 0 1 0 1 1 1 0 1 0 1 1 1 1 1 0 1 0 
0 0 0 0 0 0 0 0 0 1 0 0 0 0 0 0 0 0 0 1 0 0 0 1 0 0 0 0 0 1 0 0 0 0 0 0 0            0 0 0 0 0 0 - - - 1 - - - - - - - 0 0 1 0 0 0 1 0 0 0 0 0 1 0 0 0 0 0 0 0 
0 1 1 1 1 1 0 1 1 1 0 1 1 1 1 1 0 1 0 1 1 1 1 1 1 1 1 1 0 1 0 1 0 1 1 1 0            0 1 1 1 1 1 - 1 1 1 - 1 1 1 1 1 - 1 0 1 1 1 1 1 1 1 1 1 0 1 0 1 0 1 1 1 0 
0 1 0 0 0 1 0 0 0 0 0 0 0 0 0 1 0 0 0 0 0 0 0 0 0 0 0 0 0 0 0 0 0 0 0 0 0            0 1 0 0 0 1 - - - - - X X X X 1 - 0 0 0 0 0 0 0 0 0 0 0 0 0 - - - - - 0 0 
0 1 1 1 0 1 1 1 1 1 1 1 0 1 0 1 0 1 0 1 0 1 0 1 0 1 0 1 0 1 0 1 1 1 0 1 0            0 1 1 1 0 1 1 1 1 1 1 1 X 1 X 1 - 1 0 1 0 1 0 1 0 1 0 1 0 1 - 1 1 1 - 1 0 
0 0 0 0 0 1 0 0 0 1 0 0 0 0 0 1 0 1 0 1 0 0 0 1 0 0 0 1 0 0 0 1 0 1 0 1 0            0 0 0 0 0 1 X X X 1 X X X X X 1 - 1 0 1 0 0 0 1 0 0 0 1 - - - 1 0 1 - 1 0 
0 1 0 1 1 1 1 1 0 1 0 1 0 1 0 1 0 1 0 1 0 1 0 1 0 1 0 1 0 1 1 1 0 1 0 1 1            0 1 0 1 1 1 1 1 X 1 X 1 X 1 X 1 - 1 0 1 0 1 0 1 0 1 0 1 - 1 1 1 0 1 - 1 1 
0 0 0 1 0 0 0 0 0 0 0 0 0 1 0 1 0 0 0 0 0 0 0 1 0 0 0 0 0 0 0 1 0 0 0 0 0            0 0 0 1 X X X X X X X X X 1 X 1 - - - - - 0 0 1 0 0 0 0 - X X 1 0 0 - 0 0 
1 1 0 1 0 1 0 1 0 1 1 1 0 1 0 1 1 1 1 1 0 1 1 1 0 1 0 1 0 1 1 1 0 1 0 1 0            1 1 0 1 X 1 X 1 X 1 1 1 X 1 X 1 1 1 1 1 - 1 1 1 0 1 0 1 - 1 1 1 0 1 - 1 0 
0 0 0 1 0 1 0 0 0 0 0 0 0 0 0 0 0 0 0 1 0 0 0 0 0 0 0 0 0 0 0 1 0 1 0 0 0            0 0 0 1 X 1 X X X X X X X X X X X X X 1 - - - - - - - - - X X 1 0 1 - - - 

(0,0) (1,0) (2,0) (2,1) (2,2) (2,3) (2,4) (2,5) (2,6) (2,7) 
(2,8) (3,8) (4,8) (4,7) (4,6) (5,6) (6,6) (6,7) (6,8) (6,9) 
(6,10) (5,10) (4,10) (4,11) (4,12) (4,13) (4,14) (4,15) (4,16) (5,16) 
(6,16) (7,16) (8,16) (9,16) (10,16) (10,17) (10,18) (10,19) (10,20) (11,20) 
(12,20) (12,21) (12,22) (12,23) (12,24) (12,25) (12,26) (12,27) (12,28) (11,28) 
(10,28) (9,28) (8,28) (8,29) (8,30) (7,30) (6,30) (6,31) (6,32) (6,33) 
(6,34) (7,34) (8,34) (9,34) (10,34) (11,34) (12,34) (12,35) (12,36) 

